%YAML:1.0
---
camera_matrix: !!opencv-matrix
   rows: 3
   cols: 3
   dt: d
   data: [ 1785.7760016686063, 0., 965.54881160116884, 0.,
       1782.413403915388, 736.15755429353646, 0., 0., 1. ]
dist_coeffs: !!opencv-matrix
   rows: 1
   cols: 5
   dt: d
   data: [ -0.12879314838555522, -0.0068600313410550721,
       -0.00072583750618605543, 0.00023045037660692836,
       0.18752386068133878 ]
